firep
parameter 1
parameter 2
3 200 100
987 985 ; 0 2 4 7 11 13 14 16 17 20 21 22 23 27 30 31 32 35 36 37 41 44 45 46 52 53 59 62 63 67 69 72 73 74 77 79 81 82 83 85 86 87 92 93 98 101 105 108 115 117 121 125 126 128 129 130 133 136 137 143 147 149 150 152 153 157 158 159 161 162 163 165 166 167 168 170 171 173 178 180 182 184 188 189 190 191 193 194 198 199 
987 985 ; 3 4 6 8 9 13 16 18 19 20 21 26 29 34 35 36 37 45 46 47 54 55 56 57 59 61 63 65 66 67 68 71 72 75 76 77 79 83 84 86 91 92 95 96 97 99 100 104 106 107 109 110 111 115 116 118 120 123 126 127 130 131 137 140 143 144 145 149 151 152 154 155 156 157 159 160 161 162 165 166 168 169 174 175 178 179 182 183 185 187 188 189 190 191 192 194 197 199 
987 977 ; 0 4 5 7 8 9 11 13 17 18 19 20 25 26 28 29 30 34 36 37 38 40 42 43 44 45 48 50 53 56 57 59 61 65 66 71 74 75 78 79 80 84 89 91 94 98 99 102 103 104 106 107 108 111 112 113 114 118 119 120 124 127 138 140 143 145 147 150 151 153 155 156 157 164 165 168 169 170 171 172 173 174 176 178 181 182 188 190 191 193 194 195 197 198 
364 20 ; 0 2 3 6 7 8 10 12 14 15 16 17 19 22 24 25 27 28 29 34 35 37 39 42 43 45 47 48 51 52 54 61 62 63 64 65 66 67 71 72 74 76 77 78 80 82 83 84 86 87 88 89 90 93 94 96 98 
466 282 ; 0 1 6 7 8 9 10 11 12 13 14 16 18 20 21 22 28 29 30 32 33 35 36 40 41 44 45 47 48 50 52 53 54 55 57 58 59 60 62 67 68 73 79 81 84 86 89 92 95 97 99 
812 42 ; 0 2 5 6 9 12 17 20 21 22 23 26 29 32 33 34 35 37 45 46 50 53 56 60 63 66 68 69 76 79 85 88 90 91 92 95 96 99 
67 281 ; 4 7 9 11 12 14 15 17 18 19 27 30 33 36 37 39 42 43 44 48 49 51 53 55 56 57 58 59 60 61 63 64 65 67 68 69 70 71 72 73 74 75 76 77 79 80 81 82 83 85 87 89 90 91 92 93 95 97 98 99 
389 903 ; 2 3 4 5 9 10 13 14 19 26 29 32 33 35 37 43 45 47 50 52 53 55 56 58 63 65 69 71 76 83 85 87 88 91 94 96 97 
761 279 ; 2 3 4 5 6 7 10 11 12 13 18 19 22 24 25 26 27 29 36 40 42 43 45 47 49 51 52 53 54 55 56 59 62 63 64 66 69 73 74 76 77 80 81 82 84 94 96 98 
922 36 ; 0 2 3 7 8 9 10 15 18 19 22 23 24 28 33 34 35 38 39 40 43 44 45 46 47 49 50 56 59 62 66 69 70 74 75 76 77 78 79 91 92 93 96 97 
831 330 ; 1 3 4 6 13 15 17 18 20 21 24 27 29 30 31 33 34 36 38 39 40 43 44 49 51 52 55 60 62 64 65 66 67 72 73 75 77 78 80 83 86 87 89 90 92 96 98 99 
21 977 ; 0 1 2 7 9 13 18 20 22 25 26 28 30 32 34 35 37 42 43 45 47 49 53 54 63 64 67 68 69 70 73 74 75 76 78 79 81 84 85 86 87 96 97 99 
402 917 ; 0 1 3 4 8 9 10 13 14 15 16 19 21 22 23 24 25 27 33 38 39 41 42 43 44 45 46 47 50 56 58 61 62 63 69 70 71 76 77 78 80 81 84 85 86 87 88 91 92 95 98 
438 94 ; 0 1 5 6 7 11 13 14 15 19 20 21 22 23 24 25 27 28 30 32 33 34 35 37 38 40 42 43 46 52 53 54 56 59 62 67 68 70 72 74 75 77 80 82 84 86 88 89 91 92 93 98 99 
674 386 ; 0 2 3 4 5 6 7 8 10 11 12 18 19 20 21 22 23 24 25 27 28 30 33 34 37 41 42 45 46 55 56 59 60 61 62 63 65 66 68 70 71 72 73 75 76 79 80 81 88 89 91 92 93 95 99 
132 574 ; 1 3 17 24 25 29 31 32 33 38 40 41 42 43 46 48 50 52 53 54 57 65 70 73 81 85 86 87 88 91 93 94 97 98 99 
79 454 ; 0 5 7 8 9 10 14 16 23 27 33 34 36 37 40 43 44 48 50 51 53 54 55 57 60 61 62 63 64 66 68 69 70 72 74 76 77 78 82 83 84 86 89 90 92 93 96 97 
672 583 ; 0 3 5 7 10 11 12 13 14 18 21 23 25 27 28 29 30 31 32 33 34 36 42 44 45 46 48 51 53 58 59 61 62 63 69 70 75 77 78 79 80 82 84 85 86 87 90 91 94 97 98 99 
949 503 ; 0 1 3 5 6 8 11 13 15 16 17 18 19 20 21 22 23 24 27 28 30 32 35 38 41 43 44 46 48 49 50 55 59 63 66 68 71 72 73 75 76 77 79 83 84 85 87 93 94 96 98 99 
151 103 ; 4 7 10 11 12 13 14 15 17 18 22 25 29 30 31 32 33 35 36 38 39 41 43 44 45 46 47 48 49 51 52 53 54 58 60 63 64 65 66 67 73 74 77 80 81 86 88 89 91 93 94 95 96 97 98 
189 932 ; 1 2 3 5 8 10 12 17 18 21 22 23 25 27 28 31 33 34 36 40 44 47 48 49 50 56 57 58 62 67 68 71 73 74 77 78 82 87 92 93 96 98 99 
72 443 ; 0 2 3 4 5 6 7 8 11 13 16 17 20 21 22 24 26 27 30 31 33 34 35 36 38 42 43 44 47 51 52 55 57 58 61 63 68 69 70 73 75 81 82 86 88 90 91 94 95 
201 128 ; 0 3 4 7 8 10 11 13 17 18 19 20 21 22 23 24 27 29 30 31 35 38 41 42 44 45 47 49 50 51 54 55 56 57 59 60 62 65 68 70 71 73 75 79 80 85 86 87 88 90 91 94 97 98 99 
613 358 ; 1 4 6 7 16 17 21 22 23 25 31 32 34 36 39 40 41 42 43 44 46 49 50 52 53 54 58 59 65 68 70 71 73 75 76 77 78 79 80 81 83 84 85 86 87 88 89 92 96 97 
745 207 ; 0 2 3 5 11 13 15 16 22 24 25 26 27 28 29 30 32 34 36 40 41 44 45 46 48 50 51 52 53 54 56 57 60 61 62 64 72 73 75 76 78 80 81 83 84 86 91 93 94 96 98 99 
609 962 ; 5 6 7 8 9 10 11 14 15 19 20 21 23 24 28 33 35 36 46 47 50 51 55 58 59 60 61 62 63 66 69 70 71 73 74 76 77 81 82 85 86 87 90 91 92 94 95 97 
35 969 ; 0 1 4 6 17 18 20 23 24 25 29 31 36 42 44 46 48 50 51 52 56 58 59 63 65 66 69 70 74 75 77 78 79 80 83 84 88 89 91 93 94 95 96 97 
924 863 ; 3 4 9 11 12 13 16 19 22 23 24 25 30 35 40 42 44 45 47 50 51 53 54 57 58 59 60 65 66 67 74 76 77 86 89 92 93 96 
404 262 ; 2 3 4 6 7 8 11 13 14 16 18 20 21 23 25 26 27 28 31 32 34 36 37 39 45 48 49 52 53 54 56 57 61 64 66 68 69 71 72 74 76 79 86 87 89 91 92 93 95 96 97 99 
433 211 ; 1 2 5 6 7 8 9 11 12 13 14 15 20 25 26 27 28 29 30 36 39 42 43 44 51 52 53 56 57 61 62 63 64 65 68 71 73 75 77 78 80 81 82 83 86 87 88 91 92 95 96 97 98 99 
619 958 ; 0 1 3 4 6 9 10 11 12 18 19 24 25 28 30 31 38 39 40 41 42 43 45 49 50 51 52 53 54 56 57 58 62 63 65 66 68 70 71 72 74 75 77 78 79 80 85 86 87 88 89 90 93 95 96 97 
772 198 ; 1 2 4 5 8 18 19 20 22 23 25 28 29 30 31 35 38 41 45 46 51 55 56 59 60 62 64 67 68 69 70 71 72 76 79 80 81 82 84 86 87 88 90 91 92 94 95 96 97 99 
576 103 ; 1 2 3 4 5 9 11 14 17 22 24 26 27 29 32 36 37 39 40 41 43 45 46 47 49 50 51 56 57 58 63 65 66 68 70 72 73 74 75 77 81 82 83 86 87 88 89 90 93 
499 930 ; 0 2 3 5 6 7 9 10 11 12 14 16 17 19 20 21 23 24 25 27 28 29 31 33 34 38 39 40 41 42 43 44 45 46 47 48 49 52 54 57 59 60 62 65 69 70 72 74 78 79 81 83 84 88 93 94 95 96 97 98 99 
231 860 ; 1 2 5 6 8 11 13 18 20 24 26 28 29 31 32 33 34 42 43 44 46 47 48 49 51 52 55 56 57 58 60 61 62 64 67 68 70 73 74 75 76 79 81 84 85 86 87 90 92 93 94 95 96 98 
165 111 ; 4 5 8 9 10 12 14 16 21 22 25 28 30 33 35 37 38 39 41 42 43 44 45 48 53 60 61 62 63 64 65 66 67 70 71 72 73 77 79 80 81 83 84 87 88 90 95 97 98 
540 63 ; 0 3 7 8 9 12 13 14 16 17 18 21 22 24 25 26 28 31 34 37 39 40 41 42 47 53 54 56 57 58 59 60 61 65 68 74 75 77 78 79 82 83 90 93 96 97 
940 214 ; 0 1 4 5 7 8 9 16 18 20 21 24 25 26 27 30 31 32 34 35 39 43 44 45 46 47 49 50 51 57 59 63 64 68 69 71 72 73 75 78 79 88 92 93 97 
775 532 ; 3 4 6 10 14 15 16 19 20 28 31 34 35 36 38 40 41 44 45 47 48 49 50 52 54 56 58 61 62 64 66 67 68 70 71 72 75 77 79 81 84 86 87 88 91 92 93 95 
831 538 ; 0 4 6 8 9 11 13 14 18 19 20 25 27 28 30 31 35 36 37 38 39 43 44 48 50 51 54 56 57 58 59 60 61 63 66 67 71 72 73 74 77 78 79 83 87 88 89 90 92 93 94 95 96 
645 703 ; 2 5 8 11 12 14 15 16 17 19 21 22 23 24 25 26 30 32 39 40 45 47 48 49 50 51 54 55 59 60 61 63 65 67 70 71 73 75 78 80 81 82 84 85 87 88 90 91 95 98 99 
663 94 ; 2 3 4 5 7 10 11 12 13 14 17 21 22 23 24 31 33 36 39 41 42 43 44 45 47 49 50 51 53 54 55 61 62 63 66 69 70 73 74 76 77 79 81 86 87 90 91 92 94 95 96 
667 134 ; 8 9 10 11 12 16 18 21 23 24 26 27 28 30 31 35 36 44 46 47 48 49 51 53 56 57 59 60 61 62 67 69 70 73 74 77 79 82 84 90 91 94 95 96 97 98 99 
509 242 ; 2 4 5 6 10 11 13 14 17 22 25 27 29 30 31 33 36 38 39 41 44 45 48 51 53 54 55 56 57 59 60 61 62 66 68 74 75 76 78 79 80 81 83 88 90 92 93 97 98 
12 976 ; 2 4 5 7 12 13 14 15 16 17 20 21 22 23 26 28 30 32 35 36 38 39 41 42 45 46 48 49 53 54 55 58 59 60 61 63 64 65 67 70 71 72 73 74 78 79 80 82 83 84 87 90 91 92 93 94 96 97 98 99 
944 495 ; 3 6 7 8 9 10 14 16 19 20 25 26 28 29 32 37 39 42 43 44 45 46 49 50 55 57 62 67 69 71 72 73 74 75 76 77 79 80 81 89 90 96 98 99 
226 414 ; 0 3 5 7 8 11 12 13 17 21 24 27 31 39 41 42 44 45 46 50 51 53 55 58 64 65 73 76 78 82 83 84 85 86 87 90 91 94 97 98 99 
867 301 ; 0 7 8 11 17 19 20 21 23 24 28 29 30 31 32 33 35 38 42 43 45 47 49 50 52 53 55 58 59 60 61 62 63 65 66 68 71 80 81 83 84 86 87 92 94 95 98 99 
499 246 ; 1 2 6 8 10 20 21 23 24 25 28 29 31 33 34 35 37 40 41 43 46 48 51 53 54 55 59 61 63 64 65 66 68 69 72 73 76 77 79 84 86 87 88 90 91 93 95 96 97 98 99 
941 911 ; 0 1 2 3 8 9 10 11 13 18 19 20 23 24 26 27 29 31 37 43 44 47 50 52 53 57 60 61 62 63 66 67 73 74 78 79 80 83 85 86 89 91 92 93 94 97 98 
276 141 ; 0 1 2 3 5 8 9 10 12 13 14 15 16 17 18 20 24 25 30 31 34 36 37 38 39 40 42 43 45 49 51 52 54 55 56 57 58 60 64 65 70 72 73 74 75 77 79 80 83 84 86 91 92 93 95 99 
707 848 ; 1 4 5 6 7 8 10 11 13 16 17 18 22 24 26 27 28 30 33 34 35 36 40 41 42 43 44 46 50 52 53 54 58 59 60 61 63 66 68 70 71 74 75 80 81 82 84 87 88 89 91 92 93 97 98 
173 71 ; 2 3 4 9 10 11 15 16 18 21 23 24 26 28 29 30 33 36 41 42 43 44 45 51 52 53 54 55 56 60 61 62 63 66 71 72 75 79 81 83 84 88 89 90 91 92 93 94 95 96 97 99 
538 707 ; 0 1 2 4 7 8 9 11 12 14 15 16 21 22 23 24 26 30 32 35 38 42 44 45 46 47 53 54 56 59 60 63 65 67 68 69 72 73 76 78 79 82 84 85 87 88 89 94 95 98 99 
610 435 ; 0 3 6 11 12 13 14 16 17 20 21 22 25 27 28 30 32 33 38 40 43 44 45 49 51 52 54 57 60 63 68 69 70 71 72 73 74 82 83 85 87 89 90 91 93 95 99 
38 529 ; 4 9 13 15 16 17 20 22 23 24 25 28 29 30 31 33 34 36 37 38 42 43 44 46 47 48 51 56 59 63 64 66 67 68 69 70 72 75 76 77 78 79 80 81 82 83 84 93 95 96 97 
270 531 ; 0 1 3 6 8 9 12 13 15 16 17 20 23 25 28 29 32 39 41 42 43 44 45 46 47 48 49 53 55 59 60 61 62 64 66 67 68 69 70 73 78 80 81 82 84 88 90 91 92 93 97 
709 15 ; 0 2 5 11 12 13 15 19 21 22 23 25 26 30 31 32 35 36 38 39 40 44 46 47 49 51 52 53 56 57 58 59 61 62 64 65 68 69 76 77 79 80 81 82 83 84 85 87 88 89 90 92 93 94 95 96 99 
25 776 ; 3 6 7 8 9 10 11 14 15 16 17 19 20 21 22 27 30 33 34 36 37 38 40 41 42 43 44 50 53 54 56 60 62 63 64 65 66 67 71 72 73 77 78 79 84 86 87 88 89 90 92 94 95 
276 420 ; 0 2 3 4 9 10 11 12 13 14 16 18 20 24 25 28 30 34 35 36 37 38 40 41 42 46 49 50 51 55 59 63 64 65 70 72 74 75 76 78 80 83 85 86 87 88 89 90 92 94 96 97 98 
642 844 ; 0 3 5 6 9 11 13 15 16 17 18 20 21 24 25 27 29 30 31 35 39 41 42 43 46 47 50 55 57 59 60 62 64 65 66 67 68 69 70 72 73 76 77 79 80 81 86 87 89 90 95 96 98 
566 744 ; 0 5 6 9 13 15 16 17 18 20 21 23 25 27 29 31 33 35 37 38 41 44 45 46 48 52 56 58 60 62 64 65 66 68 69 70 71 73 76 77 78 81 82 84 86 87 88 89 91 94 95 
606 81 ; 6 8 9 13 15 16 17 18 19 23 28 30 31 33 35 38 43 44 45 49 52 53 54 56 60 63 64 65 66 67 69 70 73 74 76 77 78 80 83 84 85 86 89 90 91 92 98 99 
847 637 ; 1 3 4 5 8 10 12 13 14 15 19 20 21 23 24 28 29 35 37 38 39 46 48 49 50 51 52 58 59 60 61 62 67 68 69 70 71 73 76 77 78 82 83 85 86 88 91 92 93 95 99 
197 395 ; 1 2 3 5 7 10 12 13 14 16 17 18 20 21 23 27 28 31 33 35 37 38 39 40 41 42 46 50 51 52 53 54 56 61 64 65 67 68 69 70 71 76 77 80 81 84 86 87 88 90 91 93 94 96 98 
709 555 ; 0 1 7 8 13 16 17 18 20 21 23 25 26 27 28 31 36 38 41 42 45 47 48 49 51 54 55 56 58 61 63 64 66 73 76 78 82 83 85 86 88 89 90 91 93 94 95 96 97 99 
304 352 ; 0 1 3 5 8 11 12 13 14 15 19 21 22 24 26 27 28 32 33 34 35 37 38 42 43 46 48 52 53 55 58 61 62 68 72 74 75 76 77 78 79 82 83 84 85 87 88 89 90 94 95 97 99 
144 446 ; 0 1 3 4 6 7 12 14 15 22 23 24 25 26 29 31 32 33 35 38 40 43 44 45 46 50 51 54 55 56 57 58 59 60 61 62 64 65 66 72 73 75 82 83 84 85 86 87 89 90 91 92 93 97 99 
30 447 ; 1 5 7 8 9 10 11 18 23 24 25 26 27 31 32 35 37 39 41 43 45 47 51 52 53 55 61 63 65 69 70 72 73 75 76 77 78 80 81 83 84 90 91 92 93 94 95 99 
852 73 ; 2 3 4 6 8 11 14 17 20 21 22 32 34 36 37 38 40 41 44 52 54 57 59 60 61 62 64 65 67 68 69 70 71 73 74 83 84 85 86 87 93 95 96 98 
128 93 ; 0 1 2 6 8 9 15 19 20 21 23 28 31 32 33 34 35 37 39 41 42 45 46 47 48 51 52 55 56 57 58 62 65 66 69 71 72 74 80 81 82 84 87 88 90 92 98 
284 276 ; 1 2 4 6 7 8 9 10 12 13 14 17 21 22 23 24 27 28 29 30 31 32 34 35 38 39 40 42 43 44 45 46 47 49 50 53 54 55 57 61 64 67 70 74 78 79 80 81 82 83 84 85 89 93 94 96 98 
282 407 ; 2 6 7 8 13 18 19 22 23 25 28 30 31 32 33 34 36 38 39 45 46 47 48 50 53 54 55 56 58 60 67 69 73 76 77 78 79 81 82 84 88 89 91 94 95 97 98 99 
167 59 ; 3 4 5 9 10 12 14 15 17 19 20 21 26 27 28 30 35 36 40 42 43 45 46 47 52 54 55 56 60 63 67 70 73 75 76 78 80 81 83 87 88 89 90 91 92 98 99 
727 271 ; 0 2 4 9 10 12 13 14 18 19 20 22 23 24 25 27 28 31 32 34 35 38 39 41 44 48 51 53 54 57 58 61 62 64 67 68 69 72 73 77 78 81 84 85 86 87 97 98 99 
666 391 ; 0 1 2 3 6 8 9 10 12 13 15 24 26 27 30 31 38 39 40 48 50 54 58 61 62 63 64 66 68 69 70 71 75 76 79 81 82 83 86 89 90 95 96 97 
492 248 ; 1 4 5 6 9 10 12 15 16 18 19 21 23 25 27 29 31 32 35 39 41 42 43 45 46 47 48 52 53 54 56 58 59 60 61 62 63 64 66 67 68 69 70 73 78 79 82 83 87 89 90 91 94 95 96 97 
272 914 ; 2 7 8 11 12 13 14 15 16 17 20 22 27 29 30 31 32 34 35 37 38 39 45 46 48 50 51 52 55 56 59 60 65 67 68 70 72 73 79 81 82 84 89 90 91 94 97 98 
93 905 ; 0 1 3 5 7 13 14 15 16 21 25 26 27 29 30 31 34 36 37 39 40 48 50 56 58 59 63 65 68 76 77 82 85 86 87 88 91 92 94 96 98 
131 345 ; 2 4 5 8 11 12 16 19 22 24 25 27 32 33 45 46 47 48 49 50 52 54 55 57 61 65 66 68 75 76 79 81 83 85 86 88 89 90 91 93 94 96 97 98 
250 866 ; 0 1 4 7 9 12 13 15 16 18 20 21 24 28 30 32 33 35 38 39 40 41 43 45 46 49 52 53 55 56 60 63 70 78 79 80 81 84 85 86 87 89 93 95 98 
829 210 ; 0 1 2 4 6 7 8 10 12 15 21 23 28 31 32 33 34 35 40 41 43 46 47 48 50 54 55 57 60 62 63 64 65 71 72 73 74 75 77 79 80 81 82 84 85 89 92 94 95 98 
124 855 ; 0 1 2 8 10 14 17 19 20 24 26 27 28 33 36 37 39 41 43 44 45 48 51 53 54 55 57 58 59 60 61 62 63 68 69 72 75 78 80 81 87 88 93 94 95 96 97 98 
669 880 ; 3 4 5 12 14 15 16 23 24 26 29 30 34 40 43 47 50 51 54 55 58 61 62 67 70 73 76 80 81 82 84 85 86 88 90 92 93 95 96 99 
619 547 ; 1 2 5 6 7 14 15 18 19 20 22 23 25 26 27 28 29 31 32 33 35 36 37 41 45 46 48 49 50 52 54 62 67 68 70 71 73 75 76 77 78 80 81 84 85 87 88 92 93 94 95 99 
584 395 ; 0 2 5 6 12 15 20 21 22 23 28 33 34 37 38 40 43 45 46 52 54 57 58 59 60 65 66 69 70 71 73 75 77 78 81 83 84 87 89 90 91 92 93 94 96 99 
548 985 ; 0 3 4 9 10 12 14 15 16 18 21 23 25 27 30 31 32 33 34 36 38 41 42 51 52 55 57 59 60 61 62 63 66 67 68 70 71 72 74 76 77 78 79 82 84 85 86 88 89 90 96 98 
452 125 ; 1 2 6 7 8 10 11 13 16 18 22 24 27 29 32 37 39 40 42 46 53 55 56 58 59 61 64 65 69 74 79 80 81 83 84 85 87 90 95 96 98 
684 199 ; 1 6 7 12 13 15 16 17 18 19 20 21 22 24 26 31 32 35 37 40 43 44 46 47 53 55 56 57 58 59 62 65 66 68 69 70 72 74 75 82 83 84 87 88 89 90 91 92 97 99 
520 568 ; 2 4 5 6 7 8 9 11 13 16 19 20 22 26 28 30 32 33 34 37 38 50 51 52 53 57 60 61 62 65 67 68 70 71 75 77 78 82 84 88 90 95 96 98 99 
684 798 ; 1 2 7 9 10 12 13 14 15 19 20 22 23 30 34 35 36 38 39 40 41 43 44 46 50 54 64 65 68 72 76 77 78 83 84 85 88 89 90 91 92 95 97 
448 988 ; 0 4 5 8 12 13 14 16 17 19 20 21 22 24 26 28 29 30 32 33 34 37 39 42 49 51 54 57 64 65 70 72 73 74 75 77 79 80 81 82 83 84 86 87 92 93 94 95 96 97 
477 36 ; 1 2 4 5 6 17 18 19 21 24 25 27 28 30 31 36 38 39 42 43 45 47 48 50 53 59 60 63 65 66 67 72 76 78 81 83 84 91 92 93 97 99 
408 59 ; 0 5 9 10 12 13 14 15 17 21 22 23 28 31 34 35 38 39 41 43 44 47 51 53 54 56 57 58 61 62 66 68 71 73 75 76 77 80 81 87 88 89 90 92 93 94 98 99 
146 160 ; 0 2 3 8 12 15 18 19 20 21 22 23 24 25 28 29 34 36 38 41 42 43 45 47 50 51 53 54 56 58 59 61 63 64 65 66 67 71 72 73 75 76 77 78 83 86 88 92 94 
613 951 ; 1 4 5 8 11 12 13 18 19 22 25 31 33 36 38 40 42 43 44 45 47 48 52 55 56 57 58 59 60 61 63 68 69 72 79 82 83 84 86 87 89 90 92 93 98 
395 608 ; 0 3 4 5 10 12 14 15 17 18 22 25 27 28 29 31 33 34 35 38 41 45 47 48 49 50 51 53 56 57 59 62 63 65 66 69 70 71 74 76 77 80 81 82 85 86 87 88 89 90 91 93 95 97 98 
781 137 ; 0 1 2 4 6 7 8 10 11 12 14 15 17 19 20 21 25 26 29 30 31 35 38 41 42 43 46 47 50 51 53 54 55 59 63 64 65 68 69 71 73 74 77 80 83 85 90 92 95 96 97 99 
397 281 ; 0 1 2 4 6 13 18 20 22 23 24 25 27 28 29 30 32 35 40 43 46 48 49 55 56 58 61 62 65 67 71 72 73 74 75 79 81 82 83 85 88 91 92 93 96 97 
452 775 ; 1 3 4 5 6 7 8 9 11 14 16 20 21 24 25 26 27 28 30 32 33 35 36 38 41 44 46 47 48 49 51 52 53 55 58 61 62 63 66 67 68 73 75 77 78 79 82 83 95 98 99 
786 794 ; 1 2 3 4 5 7 9 11 18 22 23 24 27 28 29 30 31 34 35 38 40 45 47 50 51 52 54 55 58 60 62 63 67 68 71 74 75 76 78 80 81 83 84 85 87 89 92 94 97 
517 252 ; 0 2 5 8 9 10 12 14 15 16 17 20 23 26 27 29 30 31 32 35 39 41 42 44 46 47 48 49 51 53 54 56 57 59 60 65 66 67 68 69 72 73 75 76 77 80 81 84 85 86 90 97 98 
508 368 ; 3 7 9 11 12 14 15 16 17 20 24 25 26 27 28 29 30 33 34 37 38 39 44 45 46 47 49 53 54 55 57 58 60 63 65 67 71 73 74 75 76 79 82 83 84 85 86 87 90 91 93 94 95 97 99 
494 439 ; 0 1 2 5 6 8 9 10 12 16 17 18 20 21 22 24 25 26 27 28 30 31 34 37 38 39 40 43 44 45 46 47 48 49 53 55 58 59 60 61 66 67 70 71 72 73 74 76 77 78 79 81 82 83 86 87 88 91 92 93 94 96 97 99 
38 773 ; 0 2 4 5 7 8 9 10 12 13 15 16 18 21 23 24 26 29 33 36 37 38 44 45 48 49 50 53 54 56 61 62 63 64 66 67 72 73 77 81 83 85 86 89 90 94 95 96 97 98 99 
649 724 ; 0 1 2 8 10 12 13 14 16 17 19 20 22 23 25 26 29 32 33 34 35 37 38 39 42 43 48 53 60 61 64 68 76 77 79 80 84 85 88 90 92 94 96 97 98 
105 32 ; 3 5 6 8 13 14 15 16 18 21 23 26 27 31 32 33 34 35 36 37 38 39 40 44 45 46 48 49 50 53 54 55 58 60 61 62 63 64 66 67 69 74 77 78 79 82 84 87 89 90 91 92 94 96 97 99 
281 784 ; 1 3 4 5 8 9 10 11 13 14 15 18 19 22 23 26 27 29 30 33 35 36 37 38 43 45 46 47 52 53 56 57 58 59 61 62 63 65 66 69 72 76 78 79 80 82 83 85 95 97 98 
117 35 ; 0 2 3 4 7 8 10 16 18 20 22 23 24 25 28 29 30 35 36 38 39 40 41 42 52 55 56 57 58 61 63 65 67 68 70 73 75 77 79 80 81 82 83 86 87 89 90 91 93 95 98 99 
622 291 ; 2 3 4 5 7 8 9 10 15 16 17 18 24 25 29 30 32 33 34 35 36 37 39 40 42 44 45 47 48 49 51 53 54 56 58 59 62 64 65 66 71 76 78 83 84 86 87 90 91 92 96 98 
746 463 ; 0 2 3 4 5 8 9 11 14 15 16 17 18 19 21 22 24 25 27 29 30 31 32 35 38 41 42 44 47 49 52 53 54 56 57 63 64 65 67 68 69 70 74 75 77 81 83 84 85 87 88 90 91 95 97 98 99 
417 945 ; 0 1 4 6 16 17 18 19 21 22 23 26 28 29 30 31 32 33 34 35 36 39 42 43 45 47 48 50 51 54 55 58 59 60 61 62 63 65 67 69 72 78 80 82 84 85 86 87 91 92 94 97 
694 198 ; 1 2 5 9 11 15 17 18 21 22 23 24 25 26 30 31 35 37 38 39 40 42 43 45 48 49 50 51 52 54 56 59 60 62 64 66 68 69 70 75 76 81 82 85 86 87 88 90 94 96 
696 528 ; 1 2 6 7 8 9 10 11 12 13 15 18 19 26 27 29 31 34 39 40 42 43 45 48 50 51 52 53 54 55 56 58 59 62 63 64 65 66 68 69 70 71 72 74 75 76 77 79 80 82 83 85 86 87 92 93 95 97 98 
606 197 ; 2 3 4 7 9 10 11 14 17 24 25 26 27 28 30 31 32 33 34 35 36 37 38 39 40 42 44 45 46 47 49 50 51 53 55 59 63 64 65 70 71 74 75 76 78 81 82 83 84 85 86 87 90 91 92 96 97 
555 804 ; 0 3 5 8 14 15 16 18 19 20 21 22 23 24 26 28 30 35 37 43 45 46 49 52 54 56 58 59 60 61 63 64 65 66 69 70 72 76 83 84 88 91 92 93 95 96 
104 411 ; 1 5 6 7 8 10 12 13 15 24 25 29 30 36 38 39 41 43 45 47 49 53 54 55 59 60 65 66 68 69 72 74 77 78 81 82 83 84 85 87 88 90 92 94 97 99 
778 446 ; 0 2 4 7 8 9 12 15 19 20 21 23 24 25 26 30 32 36 37 38 42 43 44 47 48 51 57 60 62 63 64 71 72 74 77 79 80 82 85 86 87 88 91 93 94 96 99 
284 663 ; 0 1 6 7 10 12 13 14 15 17 20 22 23 24 30 33 36 37 50 51 52 53 55 57 58 59 61 62 65 68 73 74 78 80 81 82 84 88 89 90 91 92 95 96 97 98 
328 113 ; 1 3 4 7 8 11 12 14 17 20 24 25 28 36 38 39 42 45 46 51 55 58 61 62 63 64 65 66 67 68 70 72 73 76 78 79 81 82 83 84 86 89 91 94 95 96 97 98 99 
732 339 ; 0 1 4 5 6 8 9 10 12 13 16 17 18 19 22 24 27 31 33 34 36 37 39 40 43 44 46 48 50 51 52 55 57 58 60 61 63 70 72 73 78 79 80 81 84 85 89 90 92 95 97 99 
439 685 ; 5 10 18 19 20 21 22 24 25 28 31 32 33 35 36 40 42 43 46 47 49 51 54 58 59 60 64 65 67 71 73 74 77 78 79 83 86 87 88 90 93 95 99 
333 959 ; 0 1 2 3 8 10 11 14 17 21 25 26 27 28 29 31 34 35 36 40 42 46 50 51 54 55 56 57 59 60 62 63 64 65 66 67 76 79 81 82 84 87 89 90 93 94 98 
18 102 ; 2 7 10 11 12 13 18 22 23 25 27 29 30 33 37 44 51 52 54 58 59 61 62 68 69 73 74 81 82 84 89 91 95 96 97 99 
598 317 ; 0 7 8 11 12 14 16 17 18 21 22 23 26 28 29 30 32 33 34 35 38 39 40 41 42 46 48 49 50 51 54 61 63 64 70 71 76 78 81 82 85 86 87 89 90 91 93 94 96 98 99 
571 633 ; 4 6 7 12 13 14 18 19 20 22 23 24 26 27 28 29 31 33 37 39 40 41 43 45 46 50 51 52 53 54 55 57 59 61 62 64 65 67 69 73 74 75 78 81 82 83 84 86 87 92 93 94 99 
626 935 ; 1 2 3 4 5 8 10 15 16 17 21 22 23 24 26 28 32 33 35 36 39 40 41 47 48 50 52 54 55 56 57 59 63 64 66 68 69 70 71 76 81 82 83 87 90 91 94 95 97 
945 454 ; 0 1 4 7 8 11 15 16 17 18 19 20 23 24 28 29 30 31 33 34 37 39 41 43 44 53 58 59 61 63 66 67 68 69 76 77 82 83 86 91 93 96 97 
514 525 ; 0 1 3 5 8 11 13 14 15 16 20 21 22 25 27 32 34 37 39 42 45 46 48 49 50 54 55 56 57 59 60 61 64 65 67 69 71 79 81 82 83 84 89 91 93 94 96 98 
106 973 ; 0 1 3 7 13 16 19 23 25 27 29 30 32 34 36 42 43 47 48 55 58 59 62 63 65 66 67 70 72 73 76 80 82 83 88 90 91 92 96 99 
577 355 ; 2 7 8 9 11 12 15 16 20 23 24 25 27 28 31 32 35 42 44 45 46 48 49 51 52 55 60 62 63 65 72 74 75 76 78 79 81 82 84 86 87 88 89 90 91 92 94 95 97 99 
283 804 ; 1 4 5 6 7 9 10 11 14 18 21 23 24 25 26 27 28 31 32 35 39 46 50 51 53 56 57 63 68 72 73 74 75 76 77 80 81 82 83 84 85 87 89 90 91 92 95 98 
309 349 ; 0 1 2 3 7 9 11 14 17 18 21 27 29 30 31 33 35 38 39 40 41 42 45 49 52 53 55 60 61 64 65 74 76 77 78 79 81 82 84 85 87 88 91 93 96 
394 351 ; 1 3 4 5 6 16 20 21 23 24 25 27 29 31 32 34 36 41 43 44 47 50 51 53 55 58 59 60 61 62 64 65 67 71 73 74 78 79 81 82 85 86 87 90 93 94 96 97 
709 151 ; 0 1 3 7 10 11 12 13 14 15 16 18 21 22 24 25 26 27 28 29 30 31 33 36 37 38 39 40 42 43 45 46 49 53 55 57 61 63 64 66 67 69 70 72 75 76 77 78 80 81 82 83 84 85 87 88 92 93 95 96 97 99 
325 283 ; 1 2 3 5 6 7 9 10 16 17 18 19 20 22 23 25 27 28 30 32 33 35 36 37 38 40 41 42 43 45 46 47 50 52 53 54 56 57 59 60 63 65 67 68 70 71 72 74 75 76 83 85 89 90 91 92 93 96 97 98 
828 80 ; 0 1 2 5 6 7 8 12 14 15 16 17 20 32 34 35 41 42 43 44 45 47 48 49 51 52 54 56 57 59 61 62 65 68 69 71 75 77 78 79 82 84 85 86 89 93 94 96 
752 71 ; 0 1 2 6 7 8 15 16 17 19 20 21 22 24 25 26 27 29 31 32 33 34 35 37 39 42 47 48 53 54 57 60 67 70 72 81 82 85 86 88 91 92 95 
528 873 ; 0 2 3 4 7 11 14 15 17 18 22 27 32 33 34 35 36 37 38 39 40 42 43 45 46 47 48 49 50 51 53 54 56 60 61 62 63 66 68 69 71 72 73 77 79 83 85 88 89 91 97 98 
932 348 ; 0 2 4 6 7 8 12 13 15 17 18 19 21 22 26 27 29 30 32 33 35 37 39 40 41 43 50 52 54 55 56 58 62 63 67 77 78 80 84 86 87 88 90 91 93 94 96 97 98 99 
718 70 ; 2 4 6 13 16 21 22 27 31 33 38 39 40 41 45 46 48 59 62 63 65 68 69 71 74 77 79 81 82 84 85 86 87 88 89 90 92 93 98 
145 622 ; 1 2 3 5 7 8 10 14 15 16 24 27 32 34 36 37 38 39 41 42 43 45 47 50 51 52 55 57 58 63 64 65 66 69 70 75 79 80 81 82 83 84 85 87 88 90 91 92 95 96 
543 505 ; 0 6 7 8 10 11 12 13 14 15 17 20 21 23 26 28 30 31 36 37 38 40 41 42 43 46 47 49 51 53 54 55 61 62 67 70 74 78 80 81 86 91 93 94 95 96 97 99 
380 687 ; 0 1 4 6 7 8 10 11 15 16 18 22 25 27 30 31 32 34 38 39 40 41 43 47 51 53 57 58 59 61 63 68 69 76 77 81 82 86 90 92 94 98 
273 534 ; 0 1 3 4 5 7 8 10 12 14 15 19 21 23 24 25 27 32 33 36 37 38 39 45 49 50 51 55 56 57 59 62 63 64 66 69 70 75 76 79 80 84 89 90 95 97 98 99 
833 88 ; 0 1 2 3 4 6 7 9 10 11 13 14 15 18 19 26 27 28 29 30 32 33 38 40 44 48 49 50 51 53 54 55 56 58 59 62 63 64 66 70 71 72 73 74 77 79 80 83 84 85 87 88 90 92 93 94 95 96 97 99 
709 424 ; 0 1 2 3 4 11 12 15 16 18 20 21 22 24 27 30 32 33 34 35 37 38 39 42 44 45 46 47 48 50 51 52 53 54 56 58 59 60 63 65 66 67 69 70 72 73 74 76 77 78 80 81 82 86 88 89 92 93 95 96 99 
473 405 ; 4 5 6 7 8 12 14 17 18 19 21 23 25 26 28 31 33 36 39 40 41 42 43 45 46 47 51 56 57 59 61 64 66 67 70 72 73 74 75 78 81 83 84 85 86 89 91 92 93 94 95 96 97 98 99 
364 380 ; 1 4 5 6 8 9 11 15 18 20 21 22 23 24 25 26 27 29 30 34 36 37 39 43 44 45 48 54 59 60 62 63 64 65 66 67 68 69 71 73 75 77 78 80 84 85 86 87 88 89 92 94 95 97 98 
357 236 ; 0 2 5 6 9 10 11 13 14 17 20 21 22 23 25 26 27 29 31 32 37 38 40 41 42 44 46 47 56 57 58 64 65 69 70 71 75 76 78 81 82 83 88 89 90 91 94 95 97 98 
483 255 ; 2 4 7 8 14 20 26 27 29 30 32 34 35 42 43 44 45 48 53 54 56 59 63 68 69 70 74 75 76 77 78 79 80 81 84 85 88 90 94 95 96 97 
478 591 ; 3 4 11 13 14 15 17 18 19 20 22 23 25 28 29 30 33 34 36 37 38 40 47 48 49 51 55 57 61 63 66 67 68 71 72 74 76 78 80 82 83 85 86 87 88 89 90 91 93 96 97 98 
767 861 ; 2 7 11 14 15 18 19 20 22 23 26 27 29 31 32 35 39 40 41 42 43 46 47 51 52 53 55 58 59 62 66 70 73 74 76 77 78 80 81 83 84 85 86 88 92 93 95 96 99 
467 166 ; 0 1 5 6 8 9 10 11 12 13 14 15 16 17 18 20 21 24 27 29 31 38 42 46 47 48 49 52 56 61 62 66 67 72 73 75 76 77 84 85 86 88 92 93 94 95 96 97 98 
256 817 ; 2 6 8 11 12 13 14 15 19 20 21 24 26 28 30 31 33 34 38 39 41 44 46 47 49 51 52 53 54 55 56 57 58 59 60 62 63 64 65 68 74 79 81 82 84 85 86 87 88 91 93 96 
311 912 ; 0 5 7 16 17 19 20 21 23 24 25 26 27 28 30 31 32 34 35 37 38 40 41 48 52 54 59 61 63 64 66 67 70 75 76 81 82 83 84 85 89 97 99 
886 809 ; 0 1 2 7 8 11 14 15 19 23 24 26 27 33 34 36 37 38 39 41 44 46 48 49 52 53 57 59 61 62 63 64 67 69 70 71 72 73 75 77 80 83 84 85 86 87 88 89 91 94 95 98 
252 517 ; 2 4 6 7 10 12 15 16 17 20 23 24 27 28 29 30 31 37 39 40 44 46 47 54 56 58 59 60 61 63 64 68 69 70 71 74 75 76 80 81 82 85 86 88 91 93 94 95 96 99 
750 163 ; 0 3 5 6 10 11 12 13 14 16 17 18 19 20 21 22 23 24 25 28 29 30 33 34 35 36 38 39 41 44 46 49 50 51 52 53 55 56 57 59 64 65 66 68 70 74 75 77 79 82 84 85 86 90 93 95 97 
520 695 ; 0 1 2 4 5 7 8 10 13 15 17 20 27 28 34 35 39 40 42 43 47 48 51 52 56 58 59 64 65 66 71 74 76 77 79 82 83 85 86 87 90 92 94 95 97 98 99 
443 977 ; 3 4 6 7 8 10 11 12 13 15 16 17 19 20 21 23 25 26 28 29 30 31 34 35 38 41 48 49 51 52 54 56 57 58 62 63 65 67 70 71 72 74 77 80 81 82 86 89 90 91 93 95 96 99 
646 959 ; 3 6 8 9 10 12 14 18 20 21 22 23 25 27 28 29 30 31 32 34 35 36 37 38 44 46 48 53 54 55 58 59 60 61 63 66 67 70 72 74 77 78 80 81 83 84 89 91 93 95 96 97 99 
935 17 ; 1 2 6 7 11 13 16 19 21 22 24 25 26 27 30 36 37 38 39 40 41 43 45 52 55 56 57 58 64 65 66 67 68 71 74 75 76 77 78 80 82 91 92 95 97 98 99 
469 301 ; 3 7 10 11 12 15 18 19 22 28 30 31 32 34 37 38 39 41 44 45 46 47 49 50 51 53 57 58 60 62 63 64 69 70 72 73 74 75 76 77 78 79 81 82 88 90 92 93 94 95 97 98 99 
774 87 ; 2 3 5 6 8 9 12 14 15 16 17 22 23 29 30 31 32 33 35 41 42 48 49 50 52 53 55 56 59 60 61 63 64 66 68 69 70 72 74 76 79 81 84 85 87 88 89 90 91 92 93 99 
290 615 ; 2 3 4 5 6 16 17 19 22 23 24 27 28 32 33 34 36 37 38 39 40 43 44 48 50 54 55 57 60 62 63 64 66 67 69 72 74 79 80 81 83 84 85 87 89 94 95 97 
191 714 ; 0 1 5 7 9 10 11 13 20 28 30 31 33 34 35 37 39 40 41 43 46 49 50 51 52 53 54 55 56 59 61 63 65 67 70 72 73 75 78 80 82 83 85 86 87 88 89 90 91 92 96 
669 27 ; 0 2 8 9 12 13 15 17 18 23 24 25 26 28 29 31 33 34 36 41 44 46 47 48 49 50 51 52 53 55 56 58 59 60 63 64 65 69 70 74 76 80 81 82 83 85 86 87 88 90 93 95 96 97 99 
289 444 ; 0 3 6 9 11 14 15 16 17 18 19 21 22 24 26 30 31 32 35 37 38 44 45 49 51 53 55 56 57 59 61 64 66 67 68 71 72 74 75 77 78 80 81 83 84 88 89 94 96 97 98 
319 295 ; 0 6 7 8 9 10 11 12 14 16 19 22 23 24 26 29 30 32 34 36 38 42 44 45 47 48 50 51 53 55 56 57 62 63 65 66 72 74 75 76 77 79 80 82 83 86 87 88 90 91 93 94 96 98 99 
83 871 ; 0 1 2 3 4 6 8 12 13 14 15 16 19 21 23 24 26 29 30 32 33 34 35 38 41 42 44 45 46 47 48 49 50 51 56 58 60 62 63 64 65 68 71 73 75 76 78 79 80 81 82 83 85 86 88 92 93 96 97 99 
418 152 ; 1 2 3 4 6 7 8 9 11 12 13 15 16 22 24 25 26 28 29 30 32 34 35 40 43 45 47 50 52 54 58 60 61 62 64 67 68 70 73 74 78 79 80 81 84 85 89 93 94 96 98 99 
629 687 ; 0 2 3 8 10 11 12 13 14 15 17 18 21 24 27 32 34 36 38 40 42 43 44 47 48 51 52 55 56 60 62 65 66 69 70 74 76 77 78 80 82 83 84 85 87 94 97 98 99 
362 576 ; 0 1 6 7 8 9 10 11 12 13 14 15 16 17 23 26 27 28 30 31 32 33 35 36 38 41 42 45 53 54 55 57 61 62 63 64 67 69 71 72 75 77 78 79 82 84 89 90 91 93 97 98 99 
282 911 ; 1 3 4 5 8 9 11 12 14 18 20 21 22 23 24 29 33 35 37 39 42 43 44 45 48 50 52 53 56 57 58 60 62 64 65 66 67 68 70 71 72 73 76 77 79 83 84 85 86 87 90 94 95 96 97 99 
800 874 ; 1 4 5 6 7 9 11 12 13 14 19 21 23 28 29 31 32 36 37 40 41 43 44 45 48 49 50 51 53 59 61 64 65 66 67 68 71 72 73 74 79 81 82 83 84 86 90 
798 656 ; 0 1 2 5 6 7 9 12 15 16 17 18 19 20 23 24 25 27 28 30 33 34 35 36 37 43 44 45 47 48 51 53 57 64 65 66 67 69 70 71 72 73 81 85 86 89 90 91 98 
146 118 ; 1 2 6 8 12 15 20 25 26 30 31 34 35 36 37 39 44 45 48 50 53 54 56 60 61 64 66 69 70 71 76 78 80 81 82 83 88 89 90 92 93 94 97 98 
832 125 ; 0 2 3 5 6 8 13 15 24 25 27 28 30 32 33 35 38 39 40 42 43 46 47 49 52 54 55 57 58 59 61 63 64 65 70 72 75 76 78 81 83 84 89 90 93 95 
491 647 ; 0 2 5 6 8 11 13 14 15 17 19 24 27 28 30 31 33 34 37 38 39 41 42 44 45 47 49 50 52 56 57 58 61 64 65 67 70 71 73 75 76 77 78 81 83 89 90 91 93 94 95 96 97 98 99 
832 3 ; 2 4 6 8 14 16 19 20 21 22 23 24 25 26 27 29 30 31 34 35 37 38 39 40 41 42 50 52 53 54 55 56 57 59 61 62 63 65 67 68 69 72 73 75 76 77 78 79 81 82 84 86 89 90 91 93 94 
552 915 ; 0 2 3 7 9 10 11 12 13 14 15 17 19 21 22 25 26 28 30 33 37 38 47 48 49 50 52 53 55 58 62 65 68 70 72 75 76 79 81 82 83 84 86 87 89 90 94 96 
970 509 ; 1 4 7 8 9 10 11 16 17 20 23 24 28 30 32 34 37 39 40 42 43 45 49 50 53 56 57 58 59 64 68 72 74 76 77 79 80 81 82 83 85 88 89 90 93 95 97 
127 76 ; 0 1 2 4 5 7 10 14 15 16 17 18 19 21 23 24 28 30 31 32 34 37 38 40 41 46 47 52 54 57 61 62 64 65 67 68 69 70 74 75 76 78 79 82 84 86 89 92 94 97 98 99 
718 147 ; 3 4 5 8 9 11 12 15 17 19 22 24 28 29 30 32 33 34 35 36 38 40 42 44 45 50 51 52 53 56 58 59 61 62 63 64 65 67 68 69 70 72 73 77 78 79 82 85 88 93 96 98 99 
313 220 ; 0 1 2 3 4 5 8 9 10 12 14 15 20 22 23 25 27 28 29 30 32 33 36 37 38 39 40 42 43 44 46 47 50 51 54 58 59 61 63 65 66 67 71 73 74 76 78 79 80 81 82 87 88 89 90 93 94 95 97 98 99 
542 837 ; 2 3 7 8 10 12 16 20 24 26 27 29 30 31 35 37 40 44 45 46 47 48 51 52 53 54 55 58 59 63 66 68 70 72 73 74 76 77 78 80 81 83 84 85 91 92 95 97 98 
226 472 ; 2 3 4 5 6 7 9 13 15 17 19 20 21 22 25 26 27 29 30 31 33 35 36 37 38 40 41 42 43 47 48 51 52 54 55 57 58 59 60 61 62 64 65 70 71 73 78 80 82 84 90 92 93 95 98 99 
566 938 ; 1 3 7 10 13 14 20 22 23 25 31 33 34 36 37 38 40 43 45 47 50 51 53 54 55 56 61 62 65 66 67 68 70 71 72 74 76 77 79 80 81 83 85 87 90 92 93 94 96 98 99 
31 144 ; 0 1 2 3 4 7 9 10 12 13 15 19 23 30 31 34 35 39 41 43 45 46 48 50 51 52 54 57 59 63 65 68 69 70 73 75 76 77 78 80 81 85 86 88 89 90 92 93 94 95 96 
373 438 ; 1 3 4 6 7 9 11 14 17 18 19 20 21 28 29 30 32 33 34 36 37 38 40 44 45 47 48 51 52 55 56 58 59 62 65 68 71 74 77 78 79 82 85 86 87 89 90 91 93 94 97 98 99 
987 13 ; 5 7 8 9 10 11 13 14 17 22 25 28 29 30 32 33 34 35 37 38 40 41 42 45 47 52 53 54 55 57 59 60 63 68 69 70 72 73 74 75 76 77 78 79 81 82 83 84 88 89 90 91 95 96 98 
248 952 ; 0 1 5 7 8 12 15 16 17 18 22 24 26 27 28 29 31 32 33 34 35 36 38 39 41 44 48 50 52 58 59 62 63 65 68 69 72 76 77 79 80 81 82 84 85 86 87 92 93 94 96 97 
80 158 ; 0 3 4 5 6 7 9 11 12 13 15 16 17 19 21 22 23 25 26 28 32 35 37 38 41 42 44 45 47 48 49 50 53 54 55 56 62 63 66 68 71 72 73 76 77 78 79 83 85 86 87 88 89 90 92 93 94 96 97 99 
865 187 ; 1 4 7 12 16 17 18 20 24 25 26 31 32 33 34 36 38 41 42 43 44 46 47 52 54 55 56 58 59 61 63 64 65 69 70 71 72 73 77 79 81 86 87 88 91 92 94 95 98 
516 905 ; 4 5 11 14 15 17 18 22 25 26 28 30 31 32 34 35 37 38 39 41 42 43 44 45 49 54 57 58 60 66 67 71 72 74 75 77 79 80 81 84 86 88 89 93 94 96 97 
648 132 ; 0 2 5 9 10 11 12 15 16 17 20 21 22 25 26 27 28 35 36 38 39 40 41 43 46 48 49 51 54 61 63 64 67 68 69 70 74 77 78 82 83 86 89 90 92 93 94 95 98 
699 714 ; 1 2 7 8 10 12 14 17 21 22 23 24 30 31 34 36 38 40 41 42 50 52 53 54 57 58 59 60 61 63 69 70 71 74 75 77 82 88 90 92 94 95 
868 403 ; 2 3 6 7 10 11 13 15 20 24 25 28 29 32 33 34 39 40 42 43 44 46 48 49 50 52 57 60 61 63 64 67 68 69 76 77 79 80 84 85 86 89 91 93 94 95 98 99 
289 929 ; 3 4 5 9 11 12 15 17 20 21 22 26 29 30 31 33 34 35 36 38 39 40 41 42 44 45 47 48 49 52 54 55 56 57 59 60 64 66 67 68 72 78 80 82 83 85 87 88 89 90 92 93 94 99 
605 827 ; 0 2 3 6 7 8 9 12 15 16 18 19 21 22 24 27 28 29 30 31 32 33 34 36 37 38 40 42 44 45 49 54 55 56 57 58 59 61 63 64 65 66 72 74 75 81 82 84 87 88 90 91 92 95 99 
387 68 ; 0 1 2 3 6 9 10 12 13 16 17 18 20 22 24 26 27 30 31 32 33 34 37 42 43 45 46 47 49 51 58 59 63 64 65 66 67 68 71 73 77 78 80 82 83 84 88 90 92 94 95 97 98 99 
658 294 ; 0 1 2 3 5 9 10 12 13 15 16 17 18 21 25 28 30 31 32 33 39 41 42 48 50 51 53 54 56 58 59 61 62 65 68 70 71 72 73 74 76 77 78 79 80 82 83 84 85 87 88 89 90 91 93 94 96 97 
